28 items under 30% cloud since Jul 1
time              pier NTU |        pier    offshore        cove marine-room      swamis      sunset | pier-offshore
2026-10-01T18:21     0.43 |         nan      0.0113         nan         nan         nan         nan | nan
2026-09-29T18:31     1.25 |      0.0078      0.0044      0.0098      0.0152      0.0080      0.0094 | 0.0034
2026-09-26T18:38     0.35 |      0.0143      0.0115      0.0136      0.0079      0.0103      0.0135 | 0.0028
2026-09-19T18:29      nan |      0.0096      0.0093      0.0128      0.0124      0.0155      0.0075 | 0.0003
2026-09-13T18:28     0.25 |     -0.0009         nan      0.0005     -0.0011     -0.0008      0.0104 | nan
2026-09-11T18:19     0.30 |     -0.0016      0.0056     -0.0014     -0.0043     -0.0017      0.0045 | -0.0072
2026-09-09T18:29     0.32 |         nan         nan         nan         nan      0.0151         nan | nan
2026-09-04T18:29     0.43 |      0.0054      0.0109      0.0099      0.0121      0.0087      0.0067 | -0.0054
2026-09-01T18:19     0.41 |     -0.0051      0.0026     -0.0033     -0.0065     -0.0114      0.0020 | -0.0077
2026-08-30T18:29     0.50 |         nan         nan         nan         nan         nan         nan | nan
2026-08-22T18:19     0.32 |         nan         nan         nan      0.0161         nan         nan | nan
2026-08-20T18:29     0.30 |      0.0170      0.0170         nan      0.0175      0.0154      0.0272 | 0.0000
2026-08-17T18:38     0.37 |         nan         nan         nan         nan         nan         nan | nan
2026-08-10T18:29     0.27 |         nan         nan         nan         nan         nan      0.0230 | nan
2026-08-07T18:19     0.17 |      0.0056      0.0097         nan     -0.0012     -0.0049         nan | -0.0041
2026-08-02T18:19     0.29 |         nan      0.0108         nan      0.0069      0.0048      0.0097 | nan
2026-07-31T18:29     0.46 |         nan         nan         nan         nan         nan         nan | nan
2026-07-28T18:19     0.76 |      0.0041      0.0066      0.0064      0.0042     -0.0053      0.0058 | -0.0025
2026-07-23T18:19     1.75 |      0.0010      0.0043      0.0016      0.0039     -0.0090         nan | -0.0033
2026-07-21T18:29     0.25 |         nan         nan         nan         nan         nan         nan | nan
2026-07-18T18:19     0.37 |      0.0188      0.0148      0.0083      0.0029     -0.0131      0.0079 | 0.0040
2026-07-16T18:29     0.29 |         nan         nan         nan         nan         nan         nan | nan
2026-07-15T18:28      nan |     -0.0009      0.0083      0.0025     -0.0003     -0.0149      0.0064 | -0.0092
2026-07-08T18:19     0.37 |         nan         nan         nan         nan         nan         nan | nan
2026-07-06T18:29     0.40 |         nan         nan         nan         nan         nan         nan | nan
